cip=800,560.413,0.0511628
cip=1400,560.413,0.0511628
cip=2000,560.413,0.0511628
